20 10
8 85 5 49 42 8 87 93 62 84
9 0 4 65 59 77 26 68 91 25
35 21 65 94 46 29 56 47 46 75
60 80 82 46 16 18 78 31 45 88
63 44 67 47 62 74 32 5 91 44
96 72 38 51 26 25 34 12 97 71
51 36 34 53 71 0 8 21 12 95
81 66 17 78 70 98 28 37 59 6
10 62 2 26 0 71 78 26 74 41
95 61 92 44 54 72 39 83 25 26
69 79 98 17 43 53 87 88 99 9
38 29 95 10 41 75 28 99 51 93
6 8 85 45 25 65 20 67 94 82
42 89 91 87 2 92 54 37 69 84
41 17 21 34 99 22 77 90 50 73
80 82 63 4 82 84 75 38 87 79
86 31 62 49 39 46 5 3 55 95
46 94 87 61 15 92 18 82 5 29
8 56 3 11 71 18 81 77 33 76
65 57 8 13 19 32 89 4 25 22
12 18 18 19 26 21 18 19 18 11 22 21 13 19 13 14 22 17 27 28
329 144 408 202 369 440 195 162 174 197
59 48 65 43 64 65 57 49 58 30
