20 10
90 11 98 72 73 52 55 36 69 1
99 97 74 65 81 70 6 86 58 49
17 84 41 62 65 77 71 5 19 56
22 32 34 90 99 69 4 5 99 65
75 45 29 97 88 18 6 1 76 84
94 90 41 42 42 84 84 11 30 56
52 16 32 82 46 45 73 38 85 4
17 81 33 3 12 16 28 60 3 37
64 87 69 74 35 4 44 8 19 0
39 32 69 22 70 49 51 78 61 61
27 78 64 76 85 40 41 46 65 54
75 99 20 60 16 37 23 1 81 24
14 49 60 58 30 11 94 26 72 69
36 83 12 10 7 86 23 52 94 93
97 66 84 2 90 50 2 87 99 19
2 63 58 95 39 73 15 28 22 97
31 80 13 19 99 39 22 88 86 63
35 82 41 65 54 52 21 83 33 96
33 97 62 98 91 1 8 37 32 20
33 42 47 52 37 51 18 57 97 1
10 28 28 24 27 18 28 11 23 26 27 10 27 22 24 11 10 12 15 20
417 270 1090 583 294 916 510 357 399 683
48 22 80 61 27 75 62 35 42 80
