50 20
29 77 24 34 41 45 51 39 82 75 57 9 36 69 17 21 51 50 60 79
45 12 34 21 38 42 91 25 33 76 27 97 58 70 46 80 35 8 33 28
47 65 77 4 21 7 45 35 35 94 27 99 32 16 85 45 90 77 84 70
81 15 89 97 26 4 51 32 22 5 18 94 89 35 42 53 92 85 79 99
1 5 85 52 18 26 72 72 80 12 59 31 97 32 53 56 25 12 34 57
38 5 16 99 74 93 41 81 76 93 92 27 25 52 57 10 61 38 70 58
32 65 8 15 7 18 33 57 63 49 91 85 10 80 19 41 32 17 16 27
43 69 90 21 98 27 66 8 10 46 35 92 36 28 75 39 75 9 74 68
64 96 26 5 60 98 96 53 61 64 67 40 4 0 8 65 30 48 45 41
4 43 2 2 48 68 62 33 9 92 49 43 73 54 47 69 98 25 98 4
28 59 44 79 14 21 8 33 46 54 26 66 78 20 87 49 93 23 22 38
59 0 63 21 49 51 65 87 29 27 55 0 65 5 55 16 68 15 84 83
91 7 50 0 56 66 85 32 63 6 65 5 18 17 48 30 68 36 97 34
49 68 77 81 73 75 62 31 5 15 60 57 25 95 61 21 56 70 69 85
16 3 56 96 18 73 69 81 26 82 65 42 48 9 52 26 19 18 81 19
4 1 89 87 25 27 8 69 88 16 94 79 79 74 12 84 38 49 17 72
33 86 94 7 5 11 51 48 37 54 83 82 90 2 53 88 87 36 44 43
54 91 93 18 44 52 8 53 95 73 16 87 19 68 17 83 93 32 20 95
29 78 95 34 25 96 64 63 23 80 28 4 48 77 81 47 72 44 71 99
51 21 17 96 29 72 68 88 79 32 90 53 65 60 96 2 18 7 66 98
63 39 22 74 56 57 50 42 89 28 85 26 9 17 2 54 26 65 88 98
19 64 67 42 79 39 22 22 17 11 29 68 53 16 95 37 56 9 73 18
92 59 86 53 13 37 83 4 90 37 22 53 63 84 40 19 76 31 63 41
14 29 54 32 57 39 18 36 19 13 3 24 41 63 68 7 52 1 1 72
19 1 19 50 53 44 77 78 25 25 63 17 43 34 74 36 56 58 68 76
9 45 73 46 66 41 77 26 55 79 28 73 28 96 33 52 21 96 23 48
65 83 22 20 78 44 48 12 48 47 27 22 79 82 93 6 62 65 14 61
93 91 63 6 48 82 24 78 96 88 6 92 0 39 93 29 38 28 67 76
48 4 82 2 78 96 56 63 95 84 37 71 81 3 37 56 28 42 56 11
94 70 32 11 3 3 85 37 84 1 52 33 90 49 23 2 44 60 33 8
93 17 55 29 75 32 10 94 34 86 96 94 27 87 88 43 11 57 61 44
17 29 51 71 22 26 46 72 10 44 76 72 54 58 35 17 73 41 72 79
50 43 19 31 97 85 40 60 33 56 40 65 81 25 46 66 12 5 53 20
98 19 13 21 45 76 97 29 17 43 42 53 75 69 1 86 99 6 33 69
41 30 95 22 64 51 44 79 44 75 46 18 26 50 58 56 96 10 16 69
88 98 69 45 29 41 25 87 19 93 91 17 76 81 51 51 95 16 85 58
19 52 38 96 0 6 98 14 8 75 21 51 11 17 31 71 46 60 78 19
38 85 21 82 46 85 92 97 44 80 37 34 56 73 42 47 22 48 4 69
46 58 98 4 54 56 39 32 77 51 52 30 27 23 7 81 27 91 55 18
24 50 99 29 90 0 76 24 84 42 26 29 45 22 85 62 26 22 28 14
92 63 44 30 49 41 12 67 60 23 30 87 23 76 88 93 33 80 9 80
8 25 37 20 71 42 74 46 23 29 70 1 51 92 10 88 10 17 40 70
33 82 76 95 0 96 8 48 63 22 7 37 21 27 82 89 85 67 43 98
74 87 82 57 36 8 70 58 82 28 22 54 92 52 95 13 1 33 11 93
0 96 23 46 4 60 69 7 65 96 67 34 36 82 70 10 16 31 66 7
32 24 96 97 33 56 29 41 9 88 13 91 48 55 93 3 19 78 65 28
12 83 4 36 86 12 89 93 29 1 12 89 92 33 43 96 68 11 88 91
47 10 61 90 31 80 61 66 20 39 20 39 95 57 68 93 45 28 26 21
31 84 29 16 86 86 27 80 76 8 38 85 81 97 33 26 85 73 73 54
52 94 60 67 53 19 24 11 74 26 99 97 93 70 41 63 30 10 91 20
22 28 31 27 16 26 10 6 4 16 4 30 30 35 4 15 8 28 31 9 17 4 15 12 37 8 29 25 32 22 30 25 8 35 2 16 13 3 30 3 23 37 35 14 21 27 30 22 13 34
3832 3761 814 2365 2018 2581 1671 4712 3202 4401 758 4325 3469 1603 1341 3810 2328 3996 2205 4534
52 54 32 52 32 95 29 73 80 97 23 85 72 62 48 100 77 78 84 62
