30 15
0 25 26 40 56 37 49 28 4 76 24 49 48 30 61
19 70 34 80 63 46 21 33 37 74 98 99 87 24 97
75 27 12 71 28 67 57 28 69 94 64 48 83 6 46
96 6 43 93 46 46 71 38 73 89 8 64 77 28 97
85 43 13 77 72 63 5 86 9 61 99 15 5 0 17
93 94 67 13 68 8 59 39 13 87 30 43 77 78 39
25 59 29 50 50 73 76 52 11 32 96 93 81 72 52
66 95 89 65 76 61 64 93 80 83 99 92 88 47 89
92 49 3 99 17 69 49 20 31 49 88 38 80 16 26
23 82 92 28 21 60 43 47 23 36 75 93 37 32 84
19 64 37 83 21 94 43 39 90 50 49 27 74 37 6
57 12 97 29 33 70 62 12 74 82 65 25 71 77 31
64 89 45 91 98 26 76 67 27 83 68 16 49 17 96
57 95 80 83 97 79 57 15 38 82 61 98 27 57 58
34 87 27 9 79 37 15 77 11 91 22 10 99 94 54
14 75 27 51 86 51 1 76 41 1 20 62 81 41 75
31 83 55 7 38 88 42 39 82 44 9 88 7 17 12
87 89 73 25 75 56 10 95 58 16 73 8 27 72 98
77 96 51 57 25 92 94 3 20 10 48 46 95 27 95
84 56 17 86 9 50 25 72 24 61 92 50 54 57 30
62 61 87 1 26 52 20 42 71 71 68 35 18 12 39
25 25 80 97 33 83 99 47 2 41 35 63 0 86 95
13 44 14 6 70 23 70 0 7 54 26 41 10 72 50
85 48 50 67 58 16 4 20 81 6 28 83 88 82 53
83 16 81 36 38 55 42 21 1 93 49 27 96 0 33
55 57 15 77 15 22 57 15 26 42 52 8 23 0 62
64 95 58 50 10 19 72 13 36 74 43 86 96 53 96
71 94 88 8 67 20 85 19 2 9 16 1 73 28 7
72 72 26 42 81 41 90 56 87 76 4 89 23 93 94
27 22 11 17 51 25 14 12 71 17 5 32 15 51 64
10 11 18 11 18 26 17 27 28 20 19 11 17 20 12 17 18 23 10 23 22 11 21 22 13 28 21 14 13 19
1300 138 968 988 215 767 908 1262 675 821 489 339 923 709 448
107 26 107 123 21 119 124 116 70 89 70 26 66 122 58
